1613,4
1613,3
1613,2
1613,1
1613,0
1612,4
1612,3
1612,2
1612,1
1612,0
0,524
0,386
1611,4
1611,3
1611,2
1611,1
1611,0
1610,4
1610,3
1610,2
1610,1
1610,0
0,278
0,9
0,273
0,270
3,2
3,1
3,3
10,233
10,295
10,247
10,141
10,17
10,273
10,249
10,69
11,11
11,5
11,9
9,2
9,3
8,5
8,14
8,16
8,15
8,18
8,10
8,9
8,2
8,3
1608,4
1608,3
1608,2
1608,1
1608,0
1607,4
1607,3
1607,2
1607,1
1607,0
20,3
20,2
20,1
19,3
19,2
19,1
12,3
12,2
12,1
11,28
11,27
11,21
11,20
11,19
11,18
11,17
11,16
11,15
11,13
11,12
11,10
11,8
11,6
18,1
11,4
11,3
18,3
11,2
11,1
10,302
10,300
14,1
10,282
14,3
10,281
13,1
10,278
13,3
10,264
10,252
10,243
10,231
10,228
10,217
10,176
10,161
10,150
10,146
10,131
10,126
10,114
10,106
10,89
10,86
